3.492524330902964493e+02
3.451151053403910396e+02
3.330564507937948520e+02
3.508333107769557273e+02
3.511477737760083642e+02
3.516486697655903981e+02
3.521232273149838647e+02
3.525420315629384049e+02
3.484887299759252528e+02
3.290998506522920479e+02
3.539955225450528928e+02
3.544053272984030514e+02
3.374518063955681555e+02
3.446967302117445797e+02
3.557947314478101930e+02
3.562319252226470780e+02
3.566791133839909662e+02
3.570653375981921158e+02
3.580698101226458903e+02
3.403284827796290983e+02
3.587059192726283641e+02
3.587496420257241425e+02
3.484672423500758782e+02
3.487656687043096326e+02
3.598836046093038021e+02
3.602890634878364153e+02
3.606290002924608871e+02
3.609893786074700301e+02
3.613022848213428802e+02
3.620053671753213962e+02
3.444993391583888069e+02
3.623436692017108385e+02
3.625434829200044078e+02
3.520771437203765117e+02
3.522817253276824090e+02
3.634595224488833765e+02
3.636000557040494527e+02
3.638457941241063054e+02
3.640677690067776666e+02
3.595223569216984743e+02
3.466891840474737592e+02
3.647414607664431401e+02
3.648211441033157598e+02
3.472905617294864555e+02
3.543171974927633983e+02
3.652523464670790645e+02
3.654132597659940416e+02
3.654737720347695245e+02
3.655767681303130985e+02
3.656834955446874460e+02
3.659875210105792576e+02
3.404392535840938194e+02
3.663596217823713914e+02
3.658332934887394003e+02
3.549239892986926179e+02
3.407627566603209743e+02
3.663186048706924112e+02
3.657384778337217313e+02
3.656736214802446057e+02
3.657870499386282290e+02
3.546094101934653509e+02
3.477483650252843859e+02
3.653255823599843666e+02
3.652222142339221023e+02
3.473534336111758876e+02
3.655012211554241617e+02
3.647958792331610312e+02
3.646024353700274787e+02
3.644066366863561939e+02
3.642022853834345142e+02
3.640474000472543139e+02
3.638019408430549220e+02
3.526720191696030611e+02
3.639316581161153294e+02
3.630873167493866163e+02
3.633840835901274886e+02
3.449848999624210819e+02
3.629421752120896372e+02
3.619769676809162320e+02
3.616366088033337860e+02
3.617084455265049314e+02
3.435191909580753986e+02
3.498544226488807567e+02
3.602658909333596284e+02
3.600918820085248626e+02
3.348786368705185055e+02
3.594588249597487106e+02
3.588412758680584602e+02
3.584045871190990056e+02
3.581551812505214230e+02
3.576616919365870899e+02
3.572424922931714377e+02
3.568032818144582166e+02
3.390301279875974387e+02
3.453740493442172692e+02
3.555849579861904317e+02
3.556346504601670517e+02
3.302131921828307668e+02
3.437091095537121532e+02
3.541600855181499696e+02
3.536212043451438376e+02
3.483158290885061774e+02
3.352268104407870055e+02
3.474436534672806260e+02
3.516041842974928500e+02
3.515511251484193167e+02
3.337138607650340987e+02
3.502388889832882342e+02
3.497889341105993140e+02
3.493240893656567323e+02
3.490652225865350147e+02
3.484807835448316382e+02
3.479388301410682516e+02
3.474798411182927111e+02
3.425657919888880087e+02
3.363446398847696059e+02
3.461537083242957351e+02
3.458180914307985745e+02
3.285806996178665145e+02
3.345487664258169502e+02
3.449108544515019048e+02
3.444110285042862643e+02
3.333345197751066848e+02
3.262640816301700966e+02
3.432581410659293510e+02
3.422805146084538137e+02
3.373893355287931399e+02
3.247973503169835112e+02
3.410019960534717143e+02
3.406164105565906652e+02
3.404632924511412284e+02
3.353669800502754583e+02
3.398946705738715082e+02
3.390526044306835729e+02
3.387025048029160530e+02
3.282804300715461636e+02
3.214812472918135882e+02
3.376048010534156560e+02
3.373357464389890765e+02
3.204198244452585413e+02
3.202069700909261201e+02
3.319049652962370942e+02
3.315538469672427482e+02
3.255743702638206400e+02
3.189578290606567634e+02
3.352272094733137919e+02
3.347484030542663049e+02
3.301691364898197207e+02
3.242645455255723164e+02
3.338862813732903305e+02
3.336123406631116950e+02
3.336914787499388808e+02
3.287428916631016591e+02
3.333393191381645693e+02
3.326383987118796313e+02
3.324463045319115508e+02
3.327698294644020507e+02
3.220467774870843982e+02
3.317669374973433492e+02
3.315770676701552588e+02
3.214944830323883025e+02
3.151901476227030230e+02
3.212379878908562318e+02
3.210820016753160644e+02
3.146560249045654700e+02
3.145013168962541954e+02
3.304722237062231898e+02
3.302670937786191985e+02
3.141240636341683512e+02
3.258009964267713485e+02
3.299174425733311864e+02
3.298010770578314350e+02
3.254089625085351258e+02
3.197126134378145821e+02
3.197299550567572624e+02
3.295157861736616951e+02
3.293618378852405613e+02
3.298185944395444835e+02
3.065156518631570748e+02
3.291347174576014254e+02
3.290494662431998449e+02
3.191779240969136708e+02
3.064729170729602856e+02
3.131256185815893787e+02
3.190414511646123401e+02
3.127974801658189108e+02
3.190177296853908047e+02
3.287955000707673889e+02
3.287767222139509045e+02
3.129426613575357692e+02
3.291800046081052642e+02
3.287943544179773880e+02
3.288301879192428601e+02
3.244830521425569714e+02
3.189643524548790765e+02
3.245292418208308618e+02
3.289412787610898476e+02
3.288071829388549077e+02
3.289240113808365322e+02
3.128939682693012969e+02
3.288808361680424923e+02
3.288371004424006401e+02
3.245551056565036561e+02
3.128244290935332970e+02
3.129429938291020790e+02
3.129278224373393300e+02
3.127677519016730798e+02
3.247388021808414464e+02
3.289623806970263331e+02
3.290697484143021256e+02
3.063072602368214348e+02
3.292453609411603566e+02
3.290586773318233327e+02
3.295833056724247285e+02
3.130216321642868138e+02
3.064305493411628731e+02
3.129789870130258578e+02
3.247653268276662288e+02
3.290954605350092947e+02
3.291526117777021341e+02
3.064317198939621676e+02
3.294303723625145608e+02
3.291032969699157320e+02
3.296967071282765573e+02
3.129652322159581672e+02
3.129101405743298301e+02
3.129242353182247598e+02
3.130179925654333033e+02
3.294263642032252619e+02
3.289355094166121489e+02
3.291305646163873462e+02
3.129594552334370974e+02
3.287649913014334402e+02
3.287024221249993161e+02
3.293572943690950865e+02
3.187378309492079893e+02
3.126793306754148034e+02
3.185878907998257432e+02
3.240385207898228828e+02
3.282378494414862189e+02
3.281412206965864584e+02
3.123157149101044752e+02
3.285047107746057691e+02
3.278693197074472891e+02
3.279091512810883842e+02
3.177751028152163713e+02
3.114101695071816494e+02
3.112475180867937183e+02
3.114095564376328866e+02
3.272151823006430504e+02
3.269049752212155795e+02
3.224749786570725973e+02
3.105997298307644314e+02
3.263584343979407549e+02
3.262015319879398589e+02
3.103192728716708189e+02
3.032118244352060401e+02
3.031005129201118962e+02
3.028631259808305458e+02
3.095331622238082900e+02
3.250349467125571437e+02
3.247884605145937371e+02
3.089022211441850914e+02
3.147442107003322462e+02
3.241399498126430672e+02
3.239292988549203756e+02
3.140374203246782940e+02
3.077172214284016150e+02
3.075407294400566798e+02
3.187424859887000821e+02
3.226592578180171245e+02
3.224091477486335862e+02
3.126209591586506917e+02
3.177183173428748546e+02
3.216388105848377563e+02
3.214388734855817802e+02
3.114843414214648192e+02
3.054004262555621949e+02
3.109540826221973475e+02
3.048569489235009087e+02
3.104137993276666521e+02
3.198065328158694456e+02
3.194532527836193481e+02
3.150359736316290764e+02
3.093761516452538558e+02
3.185897498219794670e+02
3.183021839055398914e+02
3.138712216391191419e+02
3.025108561219407193e+02
3.022468851428862422e+02
3.130382708806773735e+02
3.169167859691415288e+02
3.166426115532447056e+02
3.008854190933847121e+02
3.119934822851490708e+02
3.158817568165298439e+02
3.161776167543823703e+02
2.935028669042608271e+02
2.995882585055051663e+02
2.995957433531101515e+02
2.991040168470651111e+02
2.926691070039828446e+02
3.144932691365939377e+02
3.138432689310279216e+02
3.094839915183546282e+02
2.981216275557088693e+02
3.130929080943369627e+02
3.128744674214599968e+02
3.130662330418028887e+02
3.084537584113623438e+02
3.082023108370281648e+02
3.122535385928531468e+02
3.118454910324425668e+02
3.116548531963401842e+02
2.964519646033602953e+02
3.114882852154186139e+02
3.111138454243226761e+02
3.115969385734415482e+02
2.957846106102296631e+02
3.014089454054072235e+02
3.063961950320718870e+02
3.010870951218111031e+02
2.951626763667899240e+02
3.105796038762376270e+02
3.099505655532365722e+02
3.102294759042296164e+02
2.946695412180330891e+02
3.096045360321708131e+02
3.095130609600407183e+02
3.096115566042150249e+02
3.053025750639111493e+02
3.052173276857078577e+02
3.093009348240505005e+02
3.091733412166519770e+02
3.093178483451594047e+02
2.876453081040744451e+02
3.091452469626381117e+02
3.089847146901798851e+02
2.997213465019316914e+02
2.876275982666748519e+02
2.997527038646976507e+02
3.049380835802319893e+02
2.997440622298443031e+02
2.877007849478364960e+02
3.050660037093924757e+02
3.090750398284559424e+02
3.093936372620303814e+02
2.939830801248984926e+02
3.092874924162441630e+02
3.093020905196127615e+02
3.093991956991711163e+02
3.098561378281278280e+02
3.098483963894740327e+02
3.096024376640990567e+02
3.097383562569283413e+02
3.101363522530332943e+02
2.950232499104801605e+02
3.100440148207418360e+02
3.101626981218624337e+02
3.010779469172280756e+02
3.011685190496702376e+02
3.111684690749887068e+02
3.110619745534481240e+02
3.068286048682733735e+02
2.960646754966124945e+02
3.072590846046105639e+02
3.114239297488969100e+02
3.117185124300523285e+02
2.965309606078645857e+02
3.121814504738781579e+02
3.122136522097924285e+02
3.123866088582057614e+02
3.128810826626889821e+02
3.130220730695215252e+02
3.129965189190155570e+02
3.132437889334693750e+02
3.093949713733399562e+02
2.982534036620545521e+02
3.138917640057130711e+02
3.141799827554826834e+02
2.928227033160282531e+02
2.993437620675280186e+02
3.154008078031600917e+02
3.153461981438471184e+02
3.111958648876836264e+02
3.001490632292588998e+02
3.006632564489294168e+02
3.160688852630817678e+02
3.163762558495933490e+02
3.010766248854527589e+02
3.172054984933115520e+02
3.171161478953761161e+02
3.173236368297954186e+02
3.176644312451452947e+02
3.178765204218452709e+02
3.180936033501744191e+02
3.183357906846282503e+02
3.144534777465298703e+02
3.093746703340298723e+02
3.190873576840123178e+02
3.194234299403329942e+02
3.041862615328400352e+02
3.156483021679922558e+02
3.201672915119798972e+02
3.203061859048184488e+02
3.207543345157277486e+02
3.111436607056568846e+02
3.113274360682352153e+02
3.211464223031521783e+02
3.213644009308681575e+02
3.058756298252611145e+02
3.225294307141306263e+02
3.219890202585847305e+02
3.221630259628533395e+02
3.223716366463531244e+02
3.225308990006531644e+02
3.227315112822423657e+02
3.228669341509794322e+02
3.073189886807680296e+02
3.135480603435491957e+02
3.233648783004996972e+02
3.240554327509933046e+02
3.011777399923875009e+02
3.195308590708291376e+02
3.239049271097435394e+02
3.239528007412429815e+02
3.242055813408892959e+02
3.144687441695273264e+02
3.083511180784269641e+02
3.243328939928042018e+02
3.243502729206363142e+02
3.087673117950714072e+02
3.202463695780771218e+02
3.244951550208221533e+02
3.245490069085059304e+02
3.245321781449401328e+02
3.245454312833921335e+02
3.245884337495668888e+02
3.245695148746365248e+02
3.148029048111451971e+02
3.249907075569644803e+02
3.244786353873658413e+02
3.250830472121541561e+02
3.087648215585568323e+02
3.245507031486690721e+02
3.241595769500827942e+02
3.240704133940395195e+02
3.239863464454620043e+02
3.196265344102802715e+02
3.079449185756623137e+02
3.237432288105263183e+02
3.234652551390043982e+02
3.136276044361770232e+02
3.134885234512344141e+02
3.229625838897131302e+02
3.228256137690354421e+02
3.225978958334991944e+02
3.224089173556598666e+02
3.222068329359817085e+02
3.222939829961643454e+02
2.994335073488949206e+02
3.218671498473844395e+02
3.212594605425650229e+02
3.113791062022613687e+02
3.050642699929348964e+02
3.206184637116143108e+02
3.201694810376404234e+02
3.198979255503592185e+02
3.195776706325335681e+02
3.198982249949321499e+02
3.033136971360344205e+02
3.190060258082265818e+02
3.183597725482576379e+02
3.139370355702460529e+02
3.081641960110665650e+02
3.173460826024594326e+02
3.170098206547042423e+02
3.166509113484885916e+02
3.162994790176982178e+02
3.159006636897307203e+02
3.159762826584996560e+02
2.999924952248897512e+02
3.148188012324829970e+02
3.143938307044930411e+02
3.046470662840190471e+02
3.096047257114896070e+02
3.132447520698870562e+02
3.128737372923357611e+02
3.124896053456208165e+02
3.120606904192033539e+02
3.118983672305135997e+02
2.960845905136244482e+02
3.115283504873439142e+02
3.104973209115493091e+02
3.060275423719645005e+02
2.944849517561756898e+02
3.094325236186377879e+02
3.088676857282873129e+02
3.084917810121588104e+02
3.080885014773069770e+02
3.076500278485819422e+02
2.981258572023510851e+02
2.858102352732692566e+02
3.064712703645225247e+02
3.061010960112596422e+02
2.846727634132464573e+02
3.013849134249884401e+02
3.049215482214964368e+02
3.045917459403221415e+02
3.042173847217808884e+02
3.038341321458562447e+02
3.035438660917868674e+02
2.884038487314693384e+02
2.987961545996259929e+02
3.024143602354223503e+02
3.024819170114755025e+02
2.870825922157196715e+02
3.016217101576334016e+02
3.010294828411666117e+02
3.007397984684211565e+02
3.004118018921756175e+02
3.001037220468900841e+02
2.909221469631355603e+02
2.905862828814746877e+02
2.991995714409789002e+02
2.989909946355170405e+02
2.842177922176250604e+02
2.987352669908191842e+02
2.981316346383467248e+02
2.979051364669949749e+02
2.976543299467841166e+02
2.974343198367561172e+02
2.971884753698334976e+02
2.880660194713785245e+02
2.879154314981407765e+02
2.965726106491304108e+02
2.966829740386298226e+02
2.757814482178839057e+02
2.921303693088603382e+02
2.958432813047044192e+02
2.957035037405181583e+02
2.955466380069016736e+02
2.956363290153337857e+02
2.808074369035883819e+02
2.863570963180336548e+02
2.950970441896348575e+02
2.953955256819805300e+02
2.745672332669746538e+02
2.950491753715494951e+02
2.947869535573416897e+02
2.947159312375084710e+02
2.946605605941637123e+02
2.946595352823432563e+02
2.945916129133880759e+02
2.858337787111803436e+02
2.857840488902606921e+02
2.945922421115579937e+02
2.947000769588227627e+02
2.803748158952199674e+02
2.908033182778690957e+02
2.947231042280444626e+02
2.947608863153983521e+02
2.948246601380416223e+02
2.951935360196090983e+02
2.808477511508588691e+02
2.956746864524662328e+02
2.952319115280708957e+02
2.958430191872096771e+02
2.865893485963756007e+02
2.955980830269206763e+02
2.957498160547929160e+02
2.958597448139617541e+02
2.960184300855545416e+02
2.962200198226288421e+02
2.963763091956847120e+02
2.927584592350562502e+02
2.823262314002863036e+02
2.969646774278321004e+02
2.972341779653185654e+02
2.770429547623738245e+02
2.887420065969879488e+02
2.980494059307760608e+02
2.981396999150894089e+02
2.984581258215215485e+02
2.948011776594958064e+02
2.781930927207447439e+02
2.996983593510942683e+02
2.995170989105289436e+02
2.908445298069208320e+02
2.855728056713169849e+02
3.003781227185507987e+02
3.007217639839825551e+02
3.010151309306550047e+02
3.013557397461959795e+02
3.016681381516510783e+02
3.020208167907641723e+02
3.029351588044989967e+02
2.880409014503898106e+02
3.030364337798649785e+02
3.033863821587253824e+02
2.946777367933894993e+02
2.950645762367886391e+02
3.047251796424397980e+02
3.048985641890041052e+02
3.053691465136925558e+02
3.016509405366435317e+02
2.912769987960804201e+02
3.064486489177620570e+02
3.067581756016558643e+02
2.979865798815610560e+02
3.035402314729044519e+02
3.079199384405065416e+02
3.083089047337494435e+02
3.087700860110946905e+02
3.092152733049996982e+02
3.094772958158754363e+02
3.099149056138204514e+02
3.106449723895424881e+02
2.893306951098531954e+02
3.111405077069999265e+02
3.114420677736139282e+02
2.968353963303600835e+02
2.908511423687168644e+02
3.085442569341754506e+02
3.133637619249224713e+02
3.092674480056566608e+02
2.984397602545046766e+02
2.987307788580623082e+02
3.145250068205838261e+02
3.148784877633960377e+02
2.997526897694576746e+02
3.114741468081489870e+02
3.160069603192829391e+02
3.163273368512238335e+02
3.169977949817026683e+02
3.174193038243278124e+02
3.174081527464057899e+02
3.177490685048575187e+02
3.181425285914959886e+02
3.029335927207000623e+02
3.188728997504179574e+02
3.190277925156971719e+02
3.151435274843990442e+02
3.042351081831199053e+02
3.157544570449052799e+02
3.206983849227613632e+02
3.162989694153703795e+02
3.111707778637810407e+02
3.169464869552865025e+02
3.213098644094787915e+02
3.216185597980660305e+02
3.062135835271320730e+02
3.222582627038387955e+02
3.223443053811209893e+02
3.226003040543020575e+02
3.234951074261218764e+02
3.187518695194189604e+02
3.233943042663964889e+02
3.234020455752545899e+02
3.236004248276561839e+02
3.078531466194914969e+02
3.246299524518678368e+02
3.241560811156031150e+02
3.200392474526246929e+02
3.019510424993662241e+02
3.088288120540079831e+02
3.150618751548978480e+02
3.091770053553295838e+02
3.024855317747000072e+02
3.209554497674115510e+02
3.252671996483946373e+02
3.257386723248877161e+02
3.031631519924709437e+02
3.255970295994137018e+02
3.256588065449244027e+02
3.260355629297717996e+02
3.161735615001113047e+02
3.162259079765744332e+02
3.263873480653200545e+02
3.259962206520927452e+02
3.260451131749174465e+02
3.163629116928558460e+02
3.218668582247988752e+02
3.262259872637546891e+02
3.264510746703188602e+02
3.164811347176067784e+02
3.165192015647054404e+02
3.166278750670705904e+02
3.165587045941701945e+02
3.106186698737404299e+02
3.266755835071367642e+02
3.263763950936049696e+02
3.269745179764390173e+02
3.165636892256883357e+02
3.263191438312043715e+02
3.263139983618045221e+02
3.270000703016945067e+02
3.165313116990671460e+02
3.105908514904753019e+02
3.220255712192470696e+02
3.262425611546392474e+02
3.262271758147779224e+02
3.105472140823520704e+02
3.164372164404577461e+02
3.261806734455993251e+02
3.263104251927755399e+02
3.100966822455191618e+02
3.035409558518468316e+02
3.100447452243275848e+02
3.035394289842888611e+02
3.099996480792849525e+02
3.261913704259165456e+02
3.259826989176456777e+02
3.162371094061201120e+02
3.161545223664984405e+02
3.258893505454408910e+02
3.258676282353322904e+02
3.216513624603340986e+02
3.100949448099304959e+02
3.101012772197792629e+02
3.216107463392779096e+02
3.258095703570764954e+02
3.258026056421970225e+02
3.215375628362783118e+02
3.161082815992687642e+02
3.257762430408655518e+02
3.257880892997450246e+02
3.161098663530843851e+02
3.100871556590233240e+02
3.101648542916703946e+02
3.100853686124827391e+02
3.161412314814278375e+02
3.258715350053963675e+02
3.258820121704758890e+02
3.161894611605299019e+02
3.217153913024720850e+02
3.260064868025708620e+02
3.260925084315020399e+02
3.163312305002169182e+02
3.101312465051988738e+02
3.101474779284110923e+02
3.105812231829152665e+02
3.264414136520597367e+02
3.264011107572276842e+02
3.222376279375520198e+02
3.105505195268636953e+02
3.265920102448212674e+02
3.266929508526201289e+02
3.170026329673736996e+02
3.042397606076938246e+02
3.043459096827780854e+02
3.044966168287095343e+02
3.174371462214263602e+02
3.273169177092812561e+02
3.274360022545590141e+02
3.116020843971749628e+02
3.234057533677313359e+02
3.278867470925887346e+02
3.282213405776769264e+02
3.123996111859612483e+02
3.122935434827330710e+02
3.124808486411646413e+02
3.187852951736978753e+02
3.289793004451120169e+02
3.289928335509786166e+02
3.296005697485913970e+02
3.194573461136391757e+02
3.294875057770472040e+02
3.296799600569462996e+02
3.255606729109637740e+02
3.202006610711148369e+02
3.143519243066301101e+02
3.146361058790924972e+02
3.314794919242984292e+02
3.309250167777553315e+02
3.311560999246468100e+02
3.152694230331312610e+02
3.319220777329600764e+02
3.318654656631989042e+02
3.326213461571205698e+02
3.160623644559378249e+02
3.097735049872131299e+02
3.099337869657307465e+02
3.166786632098259133e+02
3.339147024842204701e+02
3.335762775722648144e+02
3.342844669247986644e+02
3.109808253248933170e+02
3.343508024722305549e+02
3.345731372034158539e+02
3.304648364742680542e+02
3.186653991959775567e+02
3.122957466131521187e+02
3.192643234438429545e+02
3.365153490302284354e+02
3.361879390404288301e+02
3.365861602768840157e+02
3.201472494315646600e+02
3.370840239650170247e+02
3.372486608391097889e+02
3.331034190614409454e+02
3.213279183680095912e+02
3.217120780351380063e+02
3.219926373179310417e+02
3.222062424005740127e+02
3.395259567425719638e+02
3.391124816876366594e+02
3.394663676358165390e+02
3.232461719636110047e+02
3.399372560418283911e+02
3.401383069975143485e+02
3.406343429061117831e+02
3.305077145929789708e+02
3.306554737460249953e+02
3.310032342587273888e+02
3.414640766189502301e+02
3.415847815587121659e+02
3.421585678360721090e+02
3.253397519827231577e+02
3.422015012561012668e+02
3.423994990789084909e+02
3.323831294615583829e+02
3.193348069356019323e+02
3.263627710578571737e+02
3.264811511962199120e+02
3.196573965919695866e+02
3.332924369342639466e+02
3.437055228608754760e+02
3.439317990277460240e+02
3.202001775867051379e+02
3.446307329500396577e+02
3.443536502300340203e+02
3.446215713363571922e+02
3.343247785486941552e+02
3.343602303273806911e+02
3.403397732632222414e+02
3.449182094523889077e+02
3.450089001939339255e+02
3.405817932248781972e+02
3.284973144168655494e+02
3.451975688131418565e+02
3.452979962785602766e+02
3.287209539490852990e+02
3.287118174262624279e+02
3.409457767302245088e+02
3.409779421281317013e+02
3.288076436170046009e+02
3.351408583276770514e+02
3.453985910980956078e+02
3.453808578295899565e+02
3.350358737064078696e+02
3.458908279121884561e+02
3.453298054241365662e+02
3.452442312259125856e+02
3.456988930647660823e+02
3.405916743297431140e+02
3.453976180022035010e+02
3.449447181227896522e+02
3.448566353505472080e+02
3.344812875004921011e+02
3.344369106440561836e+02
3.445589274354254030e+02
3.447152970117748509e+02
3.207262926781116903e+02
3.275696104390352730e+02
3.394898020915010193e+02
3.393693566128991392e+02
3.268772052872888594e+02
3.199402835150629016e+02
3.434171582810665200e+02
3.431163850528299690e+02
3.262391924027325558e+02
3.325124987716976079e+02
3.425294895132143438e+02
3.423062735930324152e+02
3.424142483647921722e+02
3.424627212054036818e+02
3.417959562157948881e+02
3.414516234370321968e+02
3.412046591245668878e+02
3.243986692416299888e+02
3.414334689981901079e+02
3.405199235382068537e+02
3.409603570213074590e+02
3.234645753659566481e+02
3.352996471831842200e+02
3.397385805204584130e+02
3.395339529701515175e+02
3.346013663755392145e+02
3.223954577075251109e+02
3.386535391133516555e+02
3.382177391032388414e+02
3.335398306049045232e+02
3.276507391860475877e+02
3.373962220353433850e+02
3.371660480801710946e+02
3.369221709723600497e+02
3.367493336997878259e+02
3.363743974489938182e+02
3.361666444050322866e+02
3.360042983798240357e+02
3.191984847643515195e+02
3.356317667156486664e+02
3.351508540256353399e+02
3.249192712211701632e+02
3.182569825575630489e+02
3.351331672631498009e+02
3.343191672159604764e+02
3.341555636403871290e+02
3.294811895796163981e+02
3.104354745317364177e+02
3.289811726394472089e+02
3.331886704756855124e+02
3.286517994666199911e+02
3.164191209679147505e+02
3.326152273501115815e+02
3.324427679922791867e+02
3.322287788095699170e+02
3.320953353677388122e+02
3.319135757605153003e+02
3.318018623947088486e+02
3.321060110179763569e+02
3.152925725421500260e+02
3.314131642702967611e+02
3.312543228898604184e+02
3.212555414017970747e+02
3.211963478076543765e+02
3.311309672325585325e+02
3.308863923623199526e+02
3.308256078370355908e+02
3.311247184795619205e+02
3.208080761362977000e+02
3.263309614508378331e+02
3.306689667018570162e+02
3.309627286794717520e+02
3.146991762852952093e+02
3.306905947327838931e+02
3.306437540315415617e+02
3.306222726166119514e+02
3.306400032564479829e+02
3.307105618406183112e+02
3.307380502114590399e+02
3.264835338717421678e+02
3.147655255572971100e+02
3.309351819563458434e+02
3.310683419009127988e+02
3.148613828179403527e+02
3.213918300120509457e+02
3.314312679952987537e+02
3.314961911016883960e+02
3.316373961354082667e+02
3.320943215659818861e+02
3.156909791608440514e+02
3.221966726204852307e+02
3.323380175490811439e+02
3.328189978837068566e+02
3.097199042585031634e+02
3.333706529532097420e+02
3.331937848972960978e+02
3.334327163997311914e+02
3.336643277934116441e+02
3.339541763177466009e+02
3.341712556449556359e+02
3.245058720438867681e+02
3.247424248781522351e+02
3.350455290976310607e+02
3.354929869909838089e+02
3.193791981384255223e+02
3.365804487698859475e+02
3.362991550440455057e+02
3.366697418200378706e+02
3.370074377271851063e+02
3.373914045758414204e+02
3.277313359005894995e+02
3.280323351237792622e+02
3.384682320253218677e+02
3.389089296876965705e+02
3.228710409451567784e+02
3.402116183469375983e+02
3.400661430273784163e+02
3.405232811330345726e+02
3.409376993865377017e+02
3.413662907940380364e+02
3.418141949819413412e+02
3.256631168529145270e+02
3.325110308086989903e+02
3.431290455605017655e+02
3.441908296653674597e+02
3.203545656824138632e+02
3.448849172551539937e+02
3.449266133747154299e+02
3.454349841166232409e+02
3.458968575296204904e+02
3.463403508906941397e+02
3.364792227874967239e+02
3.234942433825552257e+02
3.477677684835601895e+02
3.482572663461133970e+02
3.248734744897897713e+02
3.388808505954563088e+02
