-4.784929656982421875e+01
-4.684295272827148438e+01
-4.199260330200195312e+01
-3.866954421997070312e+01
-3.788087844848632812e+01
-3.839614868164062500e+01
-3.808240509033203125e+01
-3.603644561767578125e+01
-3.319289398193359375e+01
-2.925724411010742188e+01
-2.438033485412597656e+01
-1.896358299255371094e+01
-1.411358261108398438e+01
-9.822689056396484375e+00
-6.226634502410888672e+00
-3.422459602355957031e+00
-1.120009660720825195e+00
7.137843966484069824e-01
2.063149929046630859e+00
3.170859813690185547e+00
4.178381919860839844e+00
5.165685176849365234e+00
6.259469509124755859e+00
7.537671566009521484e+00
8.936553001403808594e+00
1.041810798645019531e+01
1.207160568237304688e+01
1.372844505310058594e+01
1.509137535095214844e+01
1.633514022827148438e+01
1.740202522277832031e+01
1.834614944458007812e+01
1.925505065917968750e+01
2.012727546691894531e+01
2.097089004516601562e+01
2.176241874694824219e+01
2.249711608886718750e+01
2.317863845825195312e+01
2.379906654357910156e+01
2.429725837707519531e+01
2.469567871093750000e+01
2.509889984130859375e+01
2.552081871032714844e+01
2.593195915222167969e+01
2.629084396362304688e+01
2.647643661499023438e+01
2.654818725585937500e+01
2.662861633300781250e+01
2.645941162109375000e+01
2.642343139648437500e+01
2.665777015686035156e+01
2.706571769714355469e+01
2.715776824951171875e+01
2.718506050109863281e+01
2.722419357299804688e+01
2.727765464782714844e+01
2.727561950683593750e+01
2.718286895751953125e+01
2.693943595886230469e+01
2.659746551513671875e+01
2.611774826049804688e+01
2.543574714660644531e+01
2.468276786804199219e+01
2.394370269775390625e+01
2.292620849609375000e+01
2.139852523803710938e+01
1.974481773376464844e+01
1.826301002502441406e+01
1.670317840576171875e+01
1.514572906494140625e+01
1.430552101135253906e+01
1.354512786865234375e+01
1.200838661193847656e+01
1.029668998718261719e+01
8.941388130187988281e+00
7.483419418334960938e+00
5.892312049865722656e+00
4.709666252136230469e+00
3.878993511199951172e+00
3.094556570053100586e+00
2.268145561218261719e+00
1.474944710731506348e+00
2.436862885951995850e-01
-1.761213660240173340e+00
-3.823667287826538086e+00
-5.506247520446777344e+00
-7.192956447601318359e+00
-8.664966583251953125e+00
-9.703091621398925781e+00
-1.077337360382080078e+01
-1.222402000427246094e+01
-1.344214057922363281e+01
-1.489601612091064453e+01
-1.635186576843261719e+01
-1.730154418945312500e+01
-1.797857093811035156e+01
-1.841402816772460938e+01
-1.854573822021484375e+01
-1.838416099548339844e+01
-1.834253883361816406e+01
