2.630363e+00
2.682963e+00
2.725451e+00
2.764650e+00
2.800904e+00
2.831377e+00
2.852651e+00
2.862699e+00
2.861090e+00
2.847718e+00
2.823129e+00
2.788594e+00
2.745997e+00
2.697008e+00
2.643184e+00
2.585845e+00
2.525882e+00
2.463946e+00
2.400385e+00
2.335056e+00
2.267530e+00
2.197206e+00
2.123421e+00
2.045669e+00
1.963825e+00
1.878151e+00
1.789317e+00
1.698676e+00
1.607962e+00
1.518579e+00
1.431819e+00
1.348639e+00
1.269694e+00
1.195515e+00
1.126498e+00
1.062925e+00
1.004933e+00
9.525217e-01
9.055931e-01
8.639590e-01
8.272282e-01
7.948866e-01
7.665498e-01
7.420016e-01
7.211310e-01
7.038393e-01
6.897809e-01
6.785032e-01
6.697102e-01
6.627039e-01
6.572037e-01
6.536425e-01
6.529498e-01
6.555133e-01
6.617219e-01
6.721405e-01
6.875241e-01
7.086754e-01
7.363703e-01
7.712114e-01
8.137285e-01
8.642543e-01
9.227144e-01
9.888863e-01
1.062545e+00
1.142712e+00
1.227081e+00
1.313011e+00
1.398362e+00
1.480999e+00
1.559077e+00
1.632665e+00
1.702135e+00
1.766339e+00
1.824060e+00
1.875066e+00
1.919078e+00
1.955694e+00
1.985363e+00
2.009154e+00
2.028130e+00
2.043215e+00
2.055341e+00
2.064659e+00
2.070043e+00
2.070361e+00
2.065157e+00
2.053943e+00
2.036540e+00
2.013460e+00
1.985085e+00
1.950979e+00
1.911027e+00
1.864381e+00
1.809740e+00
1.746486e+00
1.674147e+00
1.592302e+00
1.500919e+00
1.401408e+00
8.412842e-02
8.252535e-02
8.055248e-02
7.865780e-02
7.683896e-02
7.491215e-02
7.269173e-02
7.010349e-02
6.718041e-02
6.398048e-02
6.059495e-02
5.713622e-02
5.372135e-02
5.043301e-02
4.732824e-02
4.443898e-02
4.177301e-02
3.932585e-02
3.708308e-02
3.502002e-02
3.310961e-02
3.132569e-02
2.964514e-02
2.805065e-02
2.653238e-02
2.508584e-02
2.371042e-02
2.241185e-02
2.119740e-02
2.006818e-02
1.902378e-02
1.806084e-02
1.717432e-02
1.635993e-02
1.561386e-02
1.493321e-02
1.431514e-02
1.375692e-02
1.325592e-02
1.280947e-02
1.241325e-02
1.206195e-02
1.175180e-02
1.148096e-02
1.124882e-02
1.105491e-02
1.089587e-02
1.076702e-02
1.066526e-02
1.058280e-02
1.051657e-02
1.047176e-02
1.045930e-02
1.048373e-02
1.054940e-02
1.066235e-02
1.083052e-02
1.106179e-02
1.136324e-02
1.173953e-02
1.219430e-02
1.272911e-02
1.334184e-02
1.402992e-02
1.479260e-02
1.562337e-02
1.650413e-02
1.741480e-02
1.834095e-02
1.926721e-02
2.017928e-02
2.108246e-02
2.198519e-02
2.287618e-02
2.373996e-02
2.457120e-02
2.536213e-02
2.610149e-02
2.678958e-02
2.743731e-02
2.805777e-02
2.866378e-02
2.927050e-02
2.988066e-02
3.047192e-02
3.101846e-02
3.150571e-02
3.191703e-02
3.224170e-02
3.248507e-02
3.265109e-02
3.272494e-02
3.269934e-02
3.254853e-02
3.223399e-02
3.173392e-02
3.103079e-02
3.010880e-02
2.896309e-02
2.762716e-02
